14093
12898
5438
7222
19160
16463
9019
7026
17619
12194
17017
8591
18674
15558
6669
17199
18020
12581
7583
17028
14222
16977
16142
16337
13433
17988
14804
7326
19737
13694
14983
5091
13948
19949
12347
19081
18644
8486
16134
8782
14661
14028
18493
9186
7420
12979
10499
13408
11828
11542
17055
15482
8890
10513
10051
6978
17519
6950
5319
10428
15934
12038
5315
17806
12420
8326
6028
11072
11598
18210
12713
6913
14282
14427
17892
6455
6062
16096
18856
14307
8533
15844
12293
11805
18108
9377
11852
7797
6238
9576
16958
13160
15430
19815
18621
7711
12548
13670
6987
18181
9551
16918
14618
12653
16021
13691
12160
18224
16713
15224
19993
11642
5595
19246
7732
19875
9382
10590
13650
10282
15949
9284
16188
12430
18700
19143
14097
8416
8658
8438
7209
8575
13368
12588
14206
17975
8786
10355
9964
8450
14015
8753
14068
7064
19852
19963
13808
7305
12422
10001
13163
11297
12088
5524
7365
16887
8482
14402
9753
5653
13494
17302
14076
12404
5134
19008
12038
18617
13277
19711
5182
14218
10129
14376
5119
14710
13048
10849
14666
8098
17711
8599
18484
17807
16059
19597
17741
15046
16473
12207
10237
16102
13012
7521
17293
13340
18517
6000
15823
17051
9667
17417
8079
9836
11595
5856
6487
12448
5362
15676
17745
13955
7886
11620
15555
9846
18494
11885
5003
16505
15921
19656
13589
13727
12660
19369
10904
13092
8777
10413
5615
11576
15163
6633
12364
18162
18791
6734
14478
6180
7627
13790
14811
6595
5220
18306
8871
7265
12646
6490
17506
5822
5369
17827
6722
18584
10579
16941
5253
14000
17802
15994
11272
8384
16480
10384
9757
18547
18830
13100
12356
11293
17861
17370
17236
13700
15633
6899
18984
8765
12459
14848
15971
12258
7567
19243
17485
18622
11468
11487
14095
9204
6906
13983
16066
13927
16815
14199
13498
17483
16475
9584
14790
11446
6535
13633
9798
7480
12356
19157
19973
18060
18632
6545
5073
15027
9480
5039
11474
10417
17042
12384
15394
13690
12926
8286
13371
5756
17010
14671
10908
5211
17065
18093
12938
11717
18567
13102
13895
15292
11672
6315
8797
11252
6254
17938
13994
15166
6083
12624
11282
15628
10278
10346
16077
7759
5917
16849
11638
6916
15818
19243
15635
7585
15199